C100047527_
     RDKit          3D

 16 16  0  0  0  0  0  0  0  0999 V2000
    0.0000    0.0000    0.0000 O   0  0  0  0  0  0  0  0  0  0  0  0
    2.2070    0.0000    0.0000 O   0  0  0  0  0  0  0  0  0  0  0  0
    1.6840    4.1750    0.0000 N   0  0  0  0  0  0  0  0  0  0  0  0
    0.3080    4.1810    0.0000 C   0  0  0  0  0  0  0  0  0  0  0  0
    1.0720    2.0700    0.0000 C   0  0  0  0  0  0  0  0  0  0  0  0
   -0.1020    2.8910    0.0000 C   0  0  0  0  0  0  0  0  0  0  0  0
    2.1460    2.9060    0.0000 C   0  0  0  0  0  0  0  0  0  0  0  0
   -0.4660    5.4600   -0.0000 C   0  0  0  0  0  0  0  0  0  0  0  0
    1.1820    0.6120    0.0010 C   0  0  0  0  0  0  0  0  0  0  0  0
   -1.1160    2.5490    0.0000 H   0  0  0  0  0  0  0  0  0  0  0  0
    2.2560    4.9860   -0.0000 H   0  0  0  0  0  0  0  0  0  0  0  0
    3.1910    2.6750    0.0000 H   0  0  0  0  0  0  0  0  0  0  0  0
   -0.2460    6.0620    0.8780 H   0  0  0  0  0  0  0  0  0  0  0  0
   -0.2460    6.0610   -0.8790 H   0  0  0  0  0  0  0  0  0  0  0  0
   -1.5280    5.2470   -0.0000 H   0  0  0  0  0  0  0  0  0  0  0  0
    0.1590   -0.9340   -0.0000 H   0  0  0  0  0  0  0  0  0  0  0  0
  1  9  1  0
  1 16  1  0
  2  9  2  0
  3  4  1  0
  3  7  1  0
  3 11  1  0
  4  6  2  0
  4  8  1  0
  5  6  1  0
  5  7  2  0
  5  9  1  0
  6 10  1  0
  7 12  1  0
  8 13  1  0
  8 14  1  0
  8 15  1  0
M  END
>  <atom.prop.atom_type>  (7) 
oh o na cc cd cd cc c3 c ha hn h4 hc hc hc ho

>  <PKA_exp>  (7) 
5.35

>  <PKA_label>  (7) 
16

>  <wiberg>  (7) 
0.0 0.11 0.0021 0.0008 0.013 0.0025 0.0112 0.0 0.9897 0.0002 0.0002 0.0002 0.0 0.0 0.0 0.7142 0.11 0.0 0.0053 0.0039 0.0491 0.0122 0.0261 0.0003 1.6642 0.0001 0.0 0.0006 0.0001 0.0001 0.0 0.0058 0.0021 0.0053 0.0 1.1149 0.0683 0.0564 1.2014 0.0076 0.012 0.0074 0.7832 0.0012 0.0016 0.0016 0.0062 0.0003 0.0008 0.0039 1.1149 0.0 0.0247 1.631 0.1136 1.0275 0.0087 0.006 0.0038 0.0075 0.0026 0.0026 0.0037 0.0001 0.013 0.0491 0.0683 0.0247 0.0 1.2092 1.5338 0.0082 1.0297 0.0039 0.008 0.0059 0.0005 0.0005 0.0002 0.0142 0.0025 0.0122 0.0564 1.631 1.2092 0.0 0.0379 0.0127 0.0115 0.9143 0.0079 0.0081 0.0137 0.0137 0.0009 0.0001 0.0112 0.0261 1.2014 0.1136 1.5338 0.0379 0.0 0.0073 0.0243 0.0061 0.0037 0.9171 0.0031 0.0031 0.0002 0.0003 0.0 0.0003 0.0076 1.0275 0.0082 0.0127 0.0073 0.0 0.0002 0.0004 0.0006 0.0002 0.926 0.926 0.9288 0.0 0.9897 1.6642 0.012 0.0087 1.0297 0.0115 0.0243 0.0002 0.0 0.0002 0.0002 0.0003 0.0002 0.0002 0.0 0.0022 0.0002 0.0001 0.0074 0.006 0.0039 0.9143 0.0061 0.0004 0.0002 0.0 0.0002 0.0001 0.0 0.0 0.0001 0.0 0.0002 0.0 0.7832 0.0038 0.008 0.0079 0.0037 0.0006 0.0002 0.0002 0.0 0.0005 0.0001 0.0001 0.0 0.0001 0.0002 0.0006 0.0012 0.0075 0.0059 0.0081 0.9171 0.0002 0.0003 0.0001 0.0005 0.0 0.0 0.0 0.0002 0.0 0.0 0.0001 0.0016 0.0026 0.0005 0.0137 0.0031 0.926 0.0002 0.0 0.0001 0.0 0.0 0.0004 0.0007 0.0 0.0 0.0001 0.0016 0.0026 0.0005 0.0137 0.0031 0.926 0.0002 0.0 0.0001 0.0 0.0004 0.0 0.0007 0.0 0.0 0.0 0.0062 0.0037 0.0002 0.0009 0.0002 0.9288 0.0 0.0001 0.0 0.0002 0.0007 0.0007 0.0 0.0 0.7142 0.0058 0.0003 0.0001 0.0142 0.0001 0.0003 0.0 0.0022 0.0 0.0001 0.0 0.0 0.0 0.0 0.0

>  <atom.dprop.eff_chg>  (7) 
4.4530000000000003 4.4530000000000003 3.8340000000000001 3.1360000000000001 3.1360000000000001 3.1360000000000001 3.1360000000000001 3.1360000000000001 3.1360000000000001 1 1 1 1 1 1 1

>  <atom.dprop.pol>  (7) 
5.2999999999999998 5.2999999999999998 7.4000000000000004 11.300000000000001 11.300000000000001 11.300000000000001 11.300000000000001 11.300000000000001 11.300000000000001 4.5 4.5 4.5 4.5
4.5 4.5 4.5

>  <atom.dprop.radii>  (7) 
60 60 65 70 70 70 70 70 70 25 25 25 25 25 25 25

>  <atom.dprop.ion1>  (7) 
13.61806 13.61806 14.534140000000001 11.260300000000001 11.260300000000001 11.260300000000001 11.260300000000001 11.260300000000001 11.260300000000001 13.59844 13.59844 13.59844 13.59844
13.59844 13.59844 13.59844

>  <atom.dprop.aff>  (7) 
1.4611133999999999 1.4611133999999999 -0.070000000000000007 1.2621226000000001 1.2621226000000001 1.2621226000000001 1.2621226000000001 1.2621226000000001 1.2621226000000001
0.75419499999999995 0.75419499999999995 0.75419499999999995 0.75419499999999995 0.75419499999999995 0.75419499999999995 0.75419499999999995

>  <atom.dprop.mass>  (7) 
15.999000000000001 15.999000000000001 14.007 12.010999999999999 12.010999999999999 12.010999999999999 12.010999999999999 12.010999999999999 12.010999999999999 1.008 1.008 1.008 1.008 1.008
1.008 1.008

